dim 200 200 200

putSphere 70 68 70 10 1.0 0.8 0.6 1.0
putBox 65 76 77 79 62 77 0.0 0.0 0.0 4.0
putBox 65 76 78 79 62 77 0.0 0.0 0.0 4.0
putBox 65 76 67 78 61 63 0.0 0.0 0.0 4.0
putBox 65 76 75 77 76 77 0.0 0.0 0.0 4.0
putBox 70 71 79 82 62 77 0.0 0.0 0.0 4.0
putBox 69 70 79 81 62 77 0.0 0.0 0.0 4.0
putBox 68 69 79 80 62 77 0.0 0.0 0.0 4.0
putBox 71 72 79 81 62 77 0.0 0.0 0.0 4.0
putBox 72 73 79 80 62 77 0.0 0.0 0.0 4.0
putBox 75 76 68 78 62 77 0.0 0.0 0.0 4.0
putBox 76 78 68 78 62 77 0.0 0.0 0.0 4.0
putBox 78 79 70 76 62 77 0.0 0.0 0.0 4.0
putBox 77 78 75 74 62 77 0.0 0.0 0.0 4.0
putBox 65 66 68 78 62 77 0.0 0.0 0.0 4.0
putBox 63 65 68 78 62 77 0.0 0.0 0.0 4.0
putBox 62 63 70 76 62 77 0.0 0.0 0.0 4.0
putBox 61 62 75 74 62 77 0.0 0.0 0.0 4.0
putBox 62 78 48 60 67 75 2.0 2.0 0.0 0.0
cutBox 64 76 59 60 74 75
cutBox 68 72 58 59 74 75
putBox 64 76 59 60 74 75 0.0 2.0 0.0 0.0
putBox 68 72 58 59 74 75 0.0 2.0 0.0 0.0
putBox 64 65 56 57 74 75 0.0 2.0 0.0 0.0
cutBox 63 64 55 56 74 75
putBox 63 64 55 56 74 75 0.0 2.0 0.0 0.0
cutBox 64 67 54 55 74 75
putBox 64 67 54 55 74 75 0.0 2.0 0.0 0.0
cutBox 74 75 56 57 74 75
cutBox 74 75 54 55 74 75 
cutBox 76 77 56 57 74 75 
cutBox 76 77 54 55 74 75
cutBox 75 76 54 57 74 75
cutBox 74 77 55 56 74 75 
putBox 74 75 56 57 74 75 0.0 2.0 0.0 0.0
putBox 74 75 54 55 74 75 0.0 2.0 0.0 0.0
putBox 76 77 56 57 74 75 0.0 2.0 0.0 0.0
putBox 76 77 54 55 74 75 0.0 2.0 0.0 0.0
putBox 75 76 54 57 74 75 1.0 1.0 1.0 1.0
putBox 74 77 55 56 74 75 1.0 1.0 1.0 1.0
putBox 56 62 56 60 69 74 2.0 2.0 0.0 0.0
cutBox 56 62 56 57 69 74
putBox 56 61 56 57 69 74 0.0 2.0 0.0 0.0
putBox 56 61 49 56 69 74 1.0 0.8 0.6 1.0
putBox 78 84 56 60 69 74 2.0 2.0 0.0 0.0
cutBox 78 84 56 57 69 74
putBox 79 84 56 57 69 74 0.0 2.0 0.0 0.0
putBox 79 84 49 56 69 74 1.0 0.8 0.6 1.0
putBox 62 67 41 44 68 74 1.0 0.8 0.6 1.0
putBox 73 78 41 44 68 74 1.0 0.8 0.6 1.0
putBox 62 67 44 48 68 74 0.0 0.0 4.0 0.0
putBox 73 78 44 48 68 74 0.0 0.0 4.0 0.0
putBox 67 73 46 48 68 74 0.0 0.0 4.0 0.0
cutBox 74 75 46 47 73 74
cutBox 73 74 45 46 73 74
cutBox 74 77 44 45 73 74
putBox 74 75 46 47 73 74 1.0 1.0 1.0 1.0
putBox 73 74 45 46 73 74 1.0 1.0 1.0 1.0
putBox 74 77 44 45 73 74 1.0 1.0 1.0 1.0
putBox 62 67 39 41 68 76 2.5 0.0 1.0 1.0
putBox 73 78 39 41 68 76 2.5 0.0 1.0 1.0
putBox 62 67 38 39 68 76 0.0 0.0 0.0 1.0
putBox 73 78 38 39 68 76 0.0 0.0 0.0 1.0
putBox 68 72 64 66 79 80 1.0 0.3 0.3 1.0
putBox 65 68 68 71 79 80 0.0 0.0 0.0 1.0
cutBox 65 68 68 70 79 80 
putBox 72 75 68 71 79 80 0.0 0.0 0.0 1.0
cutBox 72 75 68 70 79 80 
putBox 65 68 68 70 79 80 4.0 4.0 4.0 4.0
cutBox 66 68 68 70 79 80
putBox 72 75 68 70 79 80 4.0 4.0 4.0 4.0
cutBox 72 74 68 70 79 80
putBox 66 68 68 70 79 80 0.0 0.0 4.0 0.0
putBox 72 74 68 70 79 80 0.0 0.0 4.0 0.0
putBox 69 71 65 66 79 80 1.0 0.8 0.6 1.0
putVoxel 68 64 79 1.0 0.8 0.6 1.0
putVoxel 71 64 79 1.0 0.8 0.6 1.0
putBox 40 100 37 38 50 90 0.0 0.8 0.0 0.0
putSphere 50 42 83 5 1.0 1.0 1.0 1.0


